11442
30822
39424
65416
22054
36993
56289
42619
60856
26371
27519
3712
15042
47289
33707
9493
17996
34933
31407
59366
40030
62409
62424
57290
18933
18742
13527
59836
35393
18945
3876
24059
47084
20161
20411
60630
23284
19744
60355
14418
8007
9116
38519
10134
17416
48404
14105
45003
40269
32442
60451
47997
39653
30383
13956
32798
19456
7570
19387
57175
64052
26867
56188
63871
31751
58540
13350
19952
41162
36282
15453
18380
17021
65159
15959
57261
24616
60112
50840
44933
47188
64801
37598
64378
23013
28884
43555
29511
34387
38521
37740
55770
40105
9589
20834
1675
64993
28878
21525
27404
27269
26316
13285
11496
3089
38792
28507
3995
37834
15871
62900
42795
51645
40445
22347
14537
55995
42854
36869
6638
18576
10625
34109
29861
50602
28372
13195
60292
33362
39039
53486
24510
40551
48853
45005
61806
64733
49270
50973
29900
40717
51681
28200
59308
51836
18727
3788
47286
30101
1273
31340
54931
2998
65361
52191
53198
22720
17176
42547
48651
64683
38331
29874
7992
57905
41318
36720
5968
58774
44914
49116
15297
49883
39991
13769
159
64283
47736
9796
3497
12302
54562
54708
12399
22622
5710
62770
48933
39118
2766
62338
8217
49705
15889
4872
49550
52286
33592
56249
14344
53129
12820
26825
62359
15175
45457
24941
10728
27053
10550
22945
14578
26822
12546
20097
3929
20983
42579
53514
41522
60652
17889
52474
22052
33398
27290
14151
39414
43419
63291
3023
64769
51793
24995
2894
27270
61157
31399
34012
9818
64718
36998
63590
54655
22526
7385
38119
37029
26361
17756
64763
25917
6721
2408
35296
5697
1310
16614
40832
38411
22819
21671
59069
61682
7829
22593
15707
62305
54054
29348
24499
8021
33690
6369
14132
52135
58673
54942
64661
62727
42535
19775
7458
11080
29405
52856
58020
36936
11276
56562
1160
26127
48022
52752
33311
43588
26049
26402
57517
37917
34222
18045
18257
63852
19113
8836
3671
3561
20909
54665
31229
10103
14532
601
16879
8472
31120
4600
43343
12015
47874
56343
44802
60973
14520
31097
56776
52852
1725
19897
36634
40271
39602
3392
52674
41478
46598
28898
9547
57004
14384
64169
31871
23822
33229
64323
64241
63796
31435
17779
65258
37365
25620
18686
22889
32955
55654
51556
40048
28276
38827
61936
62426
10929
8273
4455
9638
54783
24619
63254
19276
7941
24958
29302
9620
19951
25142
18818
38557
37097
39537
37094
34279
16700
39203
26770
57114
24956
30388
63203
22876
15371
42143
6485
37332
3232
55020
43818
49949
57676
15870
50517
64732
9845
60926
51043
23799
34593
8739
58169
3865
15942
54969
58777
4496
39154
41555
59375
14431
4577
32258
56492
6920
6205
23386
41805
30433
39586
40581
43985
47539
55192
18372
38753
30284
41903
21588
42351
16847
21880
32543
52701
9225
18215
32771
57834
21098
28333
31115
60248
17268
58957
51740
49964
25295
31398
39939
50248
23582
61158
39185
55815
22339
50670
10016
33786
54091
1621
46329
52920
30938
51572
24410
35302
8532
303
42419
1571
65445
61329
60138
32295
55963
25685
4431
40342
22940
12769
61151
49651
45873
2759
33242
65321
31724
23892
27149
19792
47979
61888
726
49419
55189
21537
43489
16255
54001
6864
63500
47691
64899
14192
31300
58304
46874
59907
26759
14328
39306
64741
57104
45157
8341
25677
47572
1437
12014
38513
47829
53878
7085
14525
32990
35961
60519
31998
50136
11324
9649
36169
40715
42232
196
8430
36248
18815
41295
7706
23399
54857
5271
32111
14925
45145
58083
23725
35065
43038
61600
52780
40206
8659
27915
57938
5289
23271
58318
12507
12980
53704
62728
47018
34367
54049
12044
52895
23697
22962
28084
43345
6496
50305
38984
859
46488
11864
42781
8147
5282
12818
18770
56145
12180
44179
2052
46973
60940
10401
19074
10682
58231
26010
34264
8917
40354
12528
15442
27950
9465
12164
18157
47264
14290
22436
28247
45325
30463
41714
18935
27864
35556
53469
5435
40242
29566
6940
1313
55802
950
11755
11430
61366
38630
421
11835
28287
36726
54165
34119
44669
9271
11247
50381
51319
35104
57305
39514
30925
1103
21483
1569
51087
739
63022
3424
33608
38944
17022
10884
58370
58564
31123
4592
62178
62151
5642
43594
59190
27421
37909
42689
32196
54726
11189
20581
14599
35021
2941
13422
29488
5844
38511
36755
37632
37430
19285
3458
36309
52222
47844
26222
4366
24421
15493
22223
15913
47129
39885
40427
17760
50420
31519
4644
27831
63156
40520
21771
11138
56467
15149
24801
3698
54287
4675
39892
38126
5943
46485
38660
18310
4811
38665
22222
61336
31848
18010
25242
17205
40526
34947
50074
5435
52013
32221
7884
22952
52758
64967
48742
10332
27265
18147
25822
38624
60273
34298
22341
25173
14436
60276
4310
14362
41055
48295
24004
7136
20448
13036
15034
16203
21382
774
18483
18404
53159
3015
6267
52902
14982
10213
17270
3727
33812
13311
22547
38964
6423
35875
18286
13554
6326
6927
17507
20473
14515
24042
49971
33705
7866
51433
62158
47410
8647
55591
54200
27989
50892
60787
51901
39328
1180
6116
65184
52188
42574
23647
62304
38906
36224
57725
6723
43454
16636
8554
38772
52451
5341
5092
25412
45826
22868
2401
31197
38932
47418
46689
48931
5993
15205
62568
2387
7563
63080
33152
53941
24074
20179
34411
64634
43247
47692
44072
57970
59509
15924
53956
33568
6023
52485
6651
27124
43518
60190
28765
17531
21341
40801
39815
63272
58845
14204
64495
46500
56444
14314
52456
7424
40239
26113
28207
52894
22377
1009
17370
16554
46103
29925
54246
51123
6701
51043
10847
39837
48002
24366
58987
21492
48032
50007
6011
3076
47955
41517
47849
49436
47826
28816
62378
13389
20203
48653
16229
32818
28337
55416
64269
63975
58471
43387
33914
56728
36945
44088
31610
43648
62718
23003
58168
6773
56441
46850
49373
60998
39762
37513
59036
44192
31572
11694
48806
13556
686
10010
32908
9590
5996
43831
26932
31420
51313
48544
31320
9029
53068
24265
24162
6478
36656
59226
16666
48185
30573
3413
28862
55446
45387
5992
9862
1266
62547
3573
58629
39395
14074
38996
61176
45098
52986
21898
46569
51100
61964
8850
3545
18468
34802
64340
65099
10933
59372
8022
16807
11697
38862
23940
48721
59012
153
62537
22834
23579
32205
12787
35875
8873
18336
60938
52197
60474
47062
